
ki = 2.1055;
kp = 0.6518;
kd = 0.9837;
k = 8;
T1 = 0.2;
T2 = 0.2;

simin = 1;


